sequencing_id	P122	P127	P13	P137	P153	P155	P157	P184	P190	P198	P20	P205	P211	P218	P225	P231	P237	P243	P249	P256	P26	P262	P33	P44	P5	P63	P75	P81	P84
group	FOS	FOS	FOS	FOS	FOS	FOS	FOS	FOS	FOS	Control	FOS	Control	Control	Control	Control	Control	Control	Control	Control	Control	FOS	Control	FOS	FOS	FOS	Control	Control	Control	Control
Bacteroides_vulgatus	12974.2277066386	254825.201393901	369.513316893048	479.0604234276	250315.112434339	3690.20965412944	27233.4778662787	68406.5221161307	1245.68207719695	134305.220899489	62276.2125250626	63292.0234263839	43003.9686970821	6.3615929428729	15695.7314775753	142552.313641278	150075.689794524	91812.6675599866	5536.18236602326	47046.7457162327	1687.36525784478	43674.6051777315	12978.7195803493	451834.653872669	38132.3213503908	7734.85473001466	153.768911788139	191.85767112459	18253.5824295815
Bacteroides_ovatus	1677.0305093339	48052.9896136026	1065.24205970802	192.467090937188	1384.31371742141	757.572354189193	857.892302332608	79949.9739869796	1895.02698977834	51903.8812599445	48772.1501196036	1191.76878037709	30559.0924875564	6.3615929428729	70601.2350507829	167632.411543135	5329.69917832932	149835.732232766	2057.3604927191	9697.40843145046	291.598189895086	74718.9614694103	10155.3385361399	9138.05177130469	8599.96218124496	276.14764512715	12.5160742153137	7.37914119709963	20200.6649231951
[Clostridium]_clostridioforme	16890.2080753114	5939.50241016106	174664.489770247	3513.57806156137	1149.13675859075	60.0572340711782	107676.402053061	65273.0607641372	1629.9882499492	54156.6766451008	10713.4523131996	7104.35767145908	72473.5636973212	2.12053098095763	86850.1852867814	55939.6455024377	2401.88767807436	85156.0432419203	843.802229732719	7375.06150548969	1046.82530096227	653.367557348242	580.851331503212	36152.5362698716	10246.8383577575	3599.44171924355	689.814490324002	1623.41106336192	720.782809730189
Staphylococcus_aureus	848.719763770985	1991.64448140126	436.055338806567	172.798921060395	1.6460329576949	1.41867482057901	27298.9865281936	1.26584041043609	192077.992066507	275.516021445357	655.849895919473	685.023601291545	112.119072044853	882.140888078375	206.952272767807	214.125010494436	875.053470610823	753.585257548603	92.326140171397	2023.89089389351	13119.4783930622	863.410305619183	340.327639919591	168.058859004395	907.309411361867	22891.6875477817	4548.34136984499	10302.2035038007	1.68505624717753
Bacteroides_thetaiotaomicron	182614.524131516	2377.8827875336	213.868793033688	10903.1904581279	1109.22045936665	179.225918999815	832.488071786076	4254.23645139363	117.058776757869	4476.39044215653	1015.24281547401	26678.6542675772	4881.89386038461	6.3615929428729	2024.87936477206	97603.1349544702	1347.4729039453	3717.55999112317	6371.18088067851	7226.05866645805	247.675449994571	4089.48405233925	435.160510369095	1583.8995194944	104802.811534834	52.1461070437148	2.50321484306273	2.76717794891236	613616.602522192
Enterococcus_faecium	6827.08513031158	698.411738842052	544.186124416034	1827.73492926483	191.762839571455	202.634053539369	23873.839736698	127.090377207784	4987.14562111829	632.872418402961	225.253308734885	526.782774858698	95.5340826643581	82.7007082573476	1807.94402843984	614.13312362433	255.294299809951	468.38837578603	578.11062342041	374.758867599011	908.956700718991	207.629923472182	13.7660618394441	3153.01529709459	502.887229128845	744393.386603982	826680.2650833	8880.7964307094	172.928897366594
[Ruminococcus]_gnavus	485.116992011481	836.632806675367	90606.761831633	1508.8296034054	2464.93435414811	27496.2824808556	15123.509517381	325.827321646251	161.231900062726	12026.9596499139	423.678695305839	402.999122465666	8847.75104704105	4.24106196191526	143336.714488532	5572.00004826799	54.2475053578701	7261.83810253978	40.1810585587009	2533.49861754188	1699.56601892826	10907.9364474647	44.5485056748678	53570.672998413	25444.5265301974	38.0893303623656	730.938734174318	1889.0601464575	1332.87949151743
Bacteroides_stercoris	833.950079541463	108098.883812331	7.29227637408421	12.643823492224	810.876985784448	3549.52440108869	259926.952846751	1313.94234603267	375.471548091279	1102.4613691577	626.153579561915	642.513935492425	145028.234808462	6.3615929428729	1268.74642670822	656.110868487448	915.519542478026	2398.1266646902	4092.37309331848	1260.15483942692	150.06936132676	572.093458863718	432.483776122536	1083.97114417496	750.696608975083	10849.1109315471	1.78801060218767	235.210125657551	2598.98862924044
Escherichia_coli	247.862155342705	269.836349658666	37.6008000538717	761666.736910131	752.854324025703	94.5783213719342	397.476303775797	572.919369763376	806.159500313629	153498.775373993	281.102630975519	61896.3206105212	637.61332460766	16.9642478476611	3902.1439918951	96.6643482627761	186.995136775323	158.553829070426	58.0142249976749	374.372849881312	1467.75155834221	52665.9967903081	22.3698504890967	202.384328689822	360.584225944915	506.497404937647	498.854958010359	182.633744628216	249.177692551377
Hungatella_hathewayi	3053.29653981209	131.915544825713	812.746990255354	4245.51495483345	3921.26201346866	127.680733852111	29107.6821108689	352.663138347496	271.664708324867	796.354527739319	118.447807289804	10808.5038807392	4741.3758339211	2.12053098095763	974.638643945513	3295.83064714278	48478.0838727233	1319.70606811142	64.1091046666913	1934.52779224629	245.235297777875	54.9235118664946	24.4729988256784	1345.83029657716	13731.2744636523	192.260429448131	79.0300686166949	175.254603431116	896.660555529344
Bacteroides_caccae	13875.8497939226	5636.83730579615	7.06439273739408	66.0288560149478	560.062713855688	581.183784830536	277.733891255907	882.037597991871	366.636923430308	90441.9578919349	3818.33885892917	1059.55810172432	575.70360397499	6.3615929428729	684.008108042322	2185.53855135958	1513.99855862419	3805.6555532615	680.369160089464	13687.0302164376	54.9034248756437	3982.55781652055	1316.18846809352	6553.44586083265	2102.17764480012	4.08099968168202	14.3040848175013	40.585276584048	1302.12721500644
Bacteroides_dorei	3642.47267071338	53586.8367102745	135.248938375593	4.21460783074135	22573.6959818278	907.006101956849	511.224459649875	387101.339385738	4662.47316482759	5431.85696209321	163325.690468883	15133.8155589871	4685.37309580751	2.12053098095763	75227.319404978	9027.14073019709	100274.92608693	24545.0236962516	298.423367497767	9337.96159998682	2670.74660117298	70622.4294288431	17662.0485353101	7290.76374679834	75060.9160202177	1426.08266654333	223.501325273458	2.76717794891236	7511.77011788653
Bacteroides_cellulosilyticus	24480.3488008628	128.012125821007	0.911534546760526	436.914345120187	39049.6628718748	55.5647638060114	57.5163197205192	307.852387818058	602.96313311129	1196.41888764627	143795.638049823	139.888635911641	264.564659364197	4.24106196191526	58.328011836997	2389.65052179492	675.020016856585	453.569411257085	118.060076551689	1409.60803246255	330.64062536221	675.146475926517	19818.9227521264	170.777708088389	814.522856213207	46.2513297257296	3.2184190839378	0.922392649637454	931.836104689175
[Clostridium]_bolteae	50925.6026836785	5419.74715653441	15951.3988010358	413.031567412652	15518.1814627883	78.5000067387054	8308.61059267927	2770.16515419835	441.731233048564	13886.0472091836	11725.1518181992	5450.60058479817	9195.3542491254	0	4843.91704455553	5922.19970571932	210.301972825715	9080.20687274482	158.918343962502	6825.43661177323	2941.60349722616	170.04065292309	209.932443051523	27933.2855608892	12759.5709558776	2261.78071246999	70.0900156057565	109.764725306857	923.621455484184
[Clostridium]_aldenense	69.2832460221212	2717.48024094304	64908.0962384501	286.593332490412	1759.81498589556	2.83734964115803	97747.3440804646	960.013367274734	92.7635589401984	7092.70011660267	199.100302851808	14478.9419849804	11110.9205225726	0	1388.43102022759	74994.2039902735	13.9841016302355	5571.3851795263	11.5125504859199	545.76471653947	506.33158496427	28.8269068062295	48.9459976513569	5415.43759111331	7767.60886094566	29081.2037316661	120.511914587449	291.476077285435	1343.83235712408
Bacteroides_uniformis	147802.244132676	37117.2109650843	27.687861857851	532.445455950324	8509.57888304319	1620.59953670809	2068.1612632011	11344.9680944925	13698.085536836	54905.5558093755	8560.6381063469	66305.1534823656	39817.1516280382	2.12053098095763	11594.2627221526	7659.84727289719	28442.3115949685	93319.2925917269	68390.8705023174	98122.6156972304	10829.3955376936	24306.0985734173	4145.11417609929	29166.1136924129	6519.02209557924	791.260493837237	1550.20519209671	3.68957059854981	3729.87200312746
Bacteroides_xylanisolvens	684.507729110027	7297.59196079846	46.2603782480967	115.19928070693	1779.77313550761	395.100937531255	26.1178325281762	1582.04734496303	284.916645316324	23099.8432717081	15658.5639030139	1460.12274993717	1852.17980718473	4.24106196191526	12711.019810324	22585.4388317504	6021.5406507701	4056.21424186132	2457.13945174977	3177.44050694935	320.880016495429	44334.5762555816	1164.57059255631	2782.06232519712	2884.78737739426	73.9114386793522	3.2184190839378	5.53435589782472	1611.33503636351
Flavonifractor_plautii	65134.0389124786	2529.81586571678	36834.1995000461	584.425619196134	1582.86644294335	1943.34805838982	88728.9849568421	9090.25315542368	446.14854537905	9979.95705366703	703.768951860078	86272.1495021875	11077.9777354469	0	102084.34028607	82855.0822982032	8852.74700449734	8777.46360966884	299.777785201993	17123.2956031038	16661.3593355954	21474.6486720733	310.501172600795	17509.7279570585	41678.1987369899	3411.71573388617	2.86081696350027	6.45674854746217	511.414571018381
uncultured_Oscillibacter_sp.	25.7798124733474	134.017385828247	125.336000179572	1.40486927691378	44.4428898577622	0.236445803429836	19455.50170715	203.04080183395	17.6692493219426	45.0916632069906	30.7086907788382	139.514101411209	403.94672765096	0	252.156481941479	185.883102635458	651.713180806192	216.011409329893	177.654455537627	10050.4216342858	10.9806849751287	48.4469821435091	1.14717181995368	459.14563905953	14134.333807866	24.9394424991679	0.357602120437533	0.922392649637454	74.3531069067085
Bacteroides_fragilis	3239.5288309607	3296.4873933078	38.9681018740125	109.579803599275	6826.30442968044	518528.011379664	205.517370713518	3591.94874865346	99.3895274359269	3384.25844078193	5571.940085657	2395.52266476803	2270.43960786269	6.3615929428729	891.40905782426	3792.1179916101	4108.96141766093	3941.57182302083	2788.97178928511	23838.2024750427	2148.55402680019	120126.10184343	4804.54677726933	1132.23071541586	6685.17476410126	1141.77302205282	118.723903985261	0	28658.383491841
Parabacteroides_distasonis	126482.339217217	8370.53174875874	49.3368073434135	1.40486927691378	4959.90880977414	468.872028201364	132.729968585814	2453.19871542515	1557.10259649619	3973.82697117113	8529.2544992872	157381.831556105	96146.9321007127	0	813.227088111977	1649.84090819814	20025.0984224042	2657.50400089314	479264.767893438	1470.98484957662	5644.07207721618	15308.3574218967	635988.615466859	1033.67243612107	10952.3341724251	1331.31278504649	24.3169441897523	0	2220.0616056564
Porphyromonas_sp._31_2	18318.4365403062	1403.72952669243	0.683650910070394	0	861.698253353278	0	0.285440792657664	207.850995393607	194.361742541368	84.2240757698855	482.902598950741	4291.79084045916	5940.49328529442	0	0.112169253532687	8.85768928304323	51.2074832643406	72.2765447884111	18646.9457429297	120.05151020425	179.351187927103	2114.07899143923	22097.7795724644	46.390362495652	431.678942619409	3.62755527260624	0.715204240875067	0	221.374264472948
Dorea_longicatena	39.7438775630773	3784.31468122929	19444.9688933139	112.389542153103	301.429785377878	21.2801223086852	17066.3622726054	294.687647549523	13.2519369914569	2635.97520157165	60.7424652768228	1722.1096329899	2463.66609372723	0	922.479941052814	16437.817352393	16.3485632585362	6221.78316872918	86.9084693544935	17628.9788132889	104.926545317897	205.852052567833	14.7220383560722	1929.19335316167	1977.13725652757	7537.6064120667	47.5610820181919	103.307976759395	283.51071358762
Clostridium_clostridioforme_CAG:132	1456.15659517423	59.6522494052541	1476.00231484198	5.61947710765513	10.493460105305	0	457.989751819221	275.700041392981	17.6692493219426	61.3802816341854	2894.04101230018	108.802272375721	22139.484077331	0	10846.8789858643	1698.6223854091	17.564572095948	15055.7952197293	121.671857096291	34.3555768751711	1.22007610834764	8.57187757453962	15.1044289627234	276.303038160916	77.5681972662605	702.385389658384	0	0	1.26379218538315
Akkermansia_muciniphila	0.537079426528071	26.3230563650702	48.8810400700332	0	99.1734857011174	9.93072374405309	464.126728861361	29232.5589343649	346.759017943123	527.195040314331	36124.5564745478	447.755995267382	12.4955399442086	0	52224.4340752694	37.2279694504715	70614.1060808278	17.546381313413	93.9062941596606	8.42805350308505	2.44015221669528	1.33340317826172	874.144926804702	0.679712270998564	20574.8791474994	3.17411086353046	0.357602120437533	0	666.650377789611
Parabacteroides_merdae	5325.81386330899	9093.86531663084	36.9171491438013	5.61947710765513	3164.90986940786	80.3915731661441	27.4023160951357	36230.8842275019	15.4605931566997	887.531062593982	39142.4446243846	29182.0428684698	19944.6992840396	0	83.4539246283188	69.8345357967466	26535.2719576742	948.050074281196	1273.37837825636	15890.0976676295	79.3049470425965	3551.48761760537	3866.35142385054	752.61141206316	8671.05689791946	447.09618734872	0.715204240875067	0	7715.03002770233
Bacteroides_sp._3_1_33FAA	1313.96481700093	8790.5996862652	0.227883636690131	2.80973855382757	8413.90321737717	21751.3587949209	0.285440792657664	24189.7039072696	11.0432808262141	571.492136768775	14140.3397292337	1463.30629319085	526.630210739553	0	4926.69795366266	364.448983689271	7518.447529624	1865.00759721945	41.9869488310021	453.056128005534	2.44015221669528	16103.5101838668	363.46227162199	589.990251226753	4012.99011772081	790.807049428161	1.0728063613126	0.922392649637454	22396.0825812366
Parabacteroides_sp._D25	4365.65011853343	0.900789001086051	0	2.80973855382757	7409.61735906357	3365.33312021685	0.142720396328832	10177.3568999062	0	3698.31094972578	3186.44849098	0	7071.68043769832	0	0	0	1172.70541159062	3235.98910087887	10994.0342414855	0.514690290264736	0	7107.48340786105	16519.6565979396	4729.43798160801	0.340709504829841	0.453444409075781	0	0	0
Staphylococcus_epidermidis	0.134269856632018	0.200175333574678	0.683650910070394	2.80973855382757	0	0.236445803429836	8.70594417605874	0	450481.928775256	0	102.418545619532	0.187267250216387	0.34078745302387	6.3615929428729	0.112169253532687	0.898606159149313	0.0675560465228768	12.5461172085544	0.902945136150582	0.064336286283092	10460.9325529727	0.126990778882068	0	0.339856135499282	0.454279339773122	20395.9295202286	40.4090396094413	42.4300618833229	0.631896092691574
uncultured_Butyricicoccus_sp.	10.4730488172974	7.10622434190107	105.054356514151	25.2876469844481	1.02877059855931	0.236445803429836	98.1916326742363	4.30385739548272	61.8423726267989	124.349696773463	12.317222125578	11779.8591076116	954.204868466835	0	46.1015632019342	11.6818800689411	13356.5735140845	3582.91651586325	23.9280461079904	322.389130564574	4.88030443339056	1377.15150158659	9.17737455962942	23.4500733494504	15739.9841342941	32.1945530443804	0.715204240875067	0	8.21464920499046
Bacteroides_sp._AF15-23LB	0.134269856632018	0.500438333936695	0	0	0	0	0	26707.460483627	0	0	15142.2529481609	0	0	0	0.560846267663433	0	6255.62235197187	26048.7394834218	1.12868142018823	0	0	0.380972336646205	0	0.169928067749641	0.340709504829841	0	0	0	0
