sequencing_id	P122	P127	P13	P137	P153	P155	P157	P184	P190	P198	P20	P205	P211	P218	P225	P231	P237	P243	P249	P256	P26	P262	P33	P44	P5	P63	P75	P81	P84
group	FOS	FOS	FOS	FOS	FOS	FOS	FOS	FOS	FOS	Control	FOS	Control	Control	Control	Control	Control	Control	Control	Control	Control	FOS	Control	FOS	FOS	FOS	Control	Control	Control	Control
Bacteroides	520107.747575941	645649.528863645	2493.47949472834	14164.5425653205	812618.239495073	920214.878753001	296937.111587394	777157.954245084	24677.1482164995	520306.574850868	642154.349741911	276708.680226345	315621.373171044	394.966166654825	267196.394633736	600572.905615494	478873.719931318	633651.30950053	172523.011179083	327342.707140546	30379.5134766035	715460.337930689	277086.715951097	647664.145940882	351539.144074931	24949.9062469697	2258.5310471186	711.636865537267	892004.596095762
Ruminococcus	462.933810803194	6224.9930185172	13482.9261534977	187.932505780665	305.306498138575	1154.73331902132	2441.54241316526	715.576628543894	179.572444500215	9358.87647438128	6621.17587813169	1368.57959064987	7930.41986333106	37.6158253956976	10094.9224215888	268.790186154533	1425.20151060416	8822.45907933004	216.692647212181	49085.0106256768	365.06841090936	11163.2148189497	127.690435565839	1919.51461784209	4020.68997231899	144.096006003094	271.952868173617	227.137635332358	154.157904025332
Roseburia	31.4172017772469	14548.7802427186	11398.8936046301	37.5865011561329	11915.171637314	45.6313535157894	477.947483147677	130.771692102225	93.0315073916778	1121.53301715007	218.053632128919	117.322860724292	387.12680686155	12.5386084652325	19642.1982440338	7447.18253587752	153.078950705268	1539.19846951072	234.298924798171	6698.16830997473	670.707080507894	431.613237967845	89.2686128880939	1544.68508372156	1758.77645381811	91.9858151529185	77.5476641178381	17.4016736746565	523.54719864341
Alistipes	689.29877745464	863.274220946008	36.3421190121232	563.797517341994	119.369498935742	27.8989622531769	102.611000413013	1011.52030312726	1170.46617439297	1849.90430947722	506.609593352638	780.842580227225	24411.0259803208	39.7055934732363	601.223159600314	1222.52040732367	106995.160854159	258.63916164184	615.542550987103	52827.3024020727	121.285186348625	616.880585480373	4458.07835069834	140.348683220109	7030.92524680325	155.424308361828	103.277764654632	4.57938780912013	446.88944308983
Blautia	2479.40797102743	5021.46837205819	327142.185635544	3194.8525982713	13795.4980646116	32469.6634250279	22345.2222234591	1959.55183504049	376.453076422138	23561.322809592	7051.57581098661	13660.3478856718	13373.3682429021	16.71814462031	174202.280881955	12895.5108316412	684.126449158096	49222.0779479342	374.020537948526	38842.0550219182	4081.24652063122	21794.7542547364	433.918096907865	69912.5046598821	30334.2048123767	547.383569974017	1070.6580723366	2879.51905437473	2512.64747667519
unclassified_Lachnospiraceae	2643.47558030861	11596.9103301649	52711.4524612045	846.392322330697	824.90281966782	813.089247361657	15509.6741194506	6071.90419519129	1371.67385317032	8741.2493730946	927.77707834991	43546.2415799329	14543.2681794828	14.6283765427713	62024.5080259481	12970.7310079003	2942.54763231247	23764.1661759795	341.065197851673	26832.8818072059	1368.09690201249	10012.690622831	107.619334167017	48710.5082423417	18149.4295614324	1630.36927546897	355.218332410742	631.955517658577	1012.76688587134
Clostridium	9131.26200885616	16621.578236051	60552.4640070615	368.904548384268	1678.98028451443	1323.54568384139	22422.8583628536	2421.93220866306	2730.36656577436	11156.3856827211	5422.30055814344	27667.0508195105	40495.8721809064	397.055934732363	31814.6134439955	9854.61326239532	5808.69089867275	26434.1950608375	329.327679461013	54794.3055147305	2845.35047173873	12042.3140971055	207.783687814471	21904.9292292614	13735.9921296844	2948.07740583689	404.534358439598	329.715922256649	623.791955905785
Parabacteroides	277149.127924267	38639.9701563482	88.1780567880357	36.1944085207206	19648.5071621699	5241.93128911174	191.521505638753	65805.4790050728	5079.95300827115	83046.8307017034	59485.5008602963	201786.151673572	165046.425114534	22.9874488529263	1104.7083260665	2426.94176199797	56777.5637870057	17483.6436866908	712823.554851906	21149.1274001057	7256.49269923821	70496.0034823658	682015.260918584	7557.24985905662	27769.3695623657	1808.45018854826	30.0184506262599	12.8222858655364	12096.5517067091
Oscillibacter	129.15960730646	366.046667000618	327.648696798954	50.1153348748439	70.4711499741126	3.31004636902099	52394.9750008777	507.404283089095	406.742404410126	180.604325890384	53.7160602627051	491.371343320559	3281.03600040757	8.35907231015502	601.895668727384	316.669240326281	3588.10034764324	469.368714079725	300.435326499389	35845.1335828323	81.2610748535785	164.442230999811	12.6161208792595	646.861303897038	52088.188300939	38.0630959253456	3.57362507455475	12.8222858655364	257.772232960392
Eubacterium	1408.40361813385	9589.70278030491	1200.20132850382	52.8995201456686	97.7966979232584	469.790152517479	9030.19617681973	333.379284701609	162.264257078508	568.208994532055	59.2555289772966	288.348530105476	11399.3395898387	20.8976807753875	5827.73992547702	272.384324269302	292.579406665717	6366.0688692905	137.012955060202	52022.0373829022	342.024225503121	1367.72762169804	32.1137622381151	752.037859482083	10343.6302994496	61.1728327371625	115.070727400663	24.7286941692487	294.626923130383
unclassified_Ruminococcaceae_(miscellaneous)	399.293837972361	13114.9891460814	287.88882364776	36.1944085207206	56.7056483756708	33.1004636902099	13031.3116254696	108.765623992179	361.308412428144	2153.75620281588	70.8380544714424	443.469186469811	13445.1593643623	16.71814462031	756.012343680858	693.540294074948	36233.7741209968	7449.6260459545	233.39603876812	21105.5091462911	909.638897614684	1655.46978034327	95.9589800210345	564.79300608189	28943.9963138685	79.751248605486	27.1595505666161	49.4573883384974	135.625259825566
environmental_samples	235.763274875409	2478.13893515715	10864.4707824173	147.561819353707	1512.76698909444	64.3094723124078	4073.61390234915	1500.71266778046	592.805419193482	4158.46422019915	7473.41474673717	1509.85352979954	3073.38699719662	22.9874488529263	31397.4336155032	1446.25550496806	2120.13671179794	2514.75447779844	626.828626362737	6787.72083108085	897.510378979822	520.818386444576	375.234019484643	1118.37171059898	15813.5086821933	624.416026013407	132.224127758526	172.184981622917	403.085011344927
Lachnoclostridium	69762.4335925611	15100.0999154423	300058.079035337	5245.40505023366	21940.9768164298	1905.40454913858	224702.392420429	71531.8626366052	2594.06458982841	101197.366987395	23601.8297033027	91368.4991299958	107777.216247012	8.35907231015502	97485.1297023519	144376.656432358	3230.73598346369	104872.225435893	1211.67305232811	28636.4129686204	4671.90537814902	1028.3036190243	862.483900109378	70643.133398195	46882.4766501127	40336.4596426963	921.280544220215	2059.80863654223	5125.7503088423
Dorea	65.9224191137959	4365.16399560584	20097.4196639801	171.227394155717	334.686598565101	117.506646100245	17360.9535316309	1585.44867716972	30.2893279879881	2877.9597030071	93.4995173947711	1786.60075629272	3023.06505604649	4.17953615507751	2099.12515529357	16545.1013630384	58.2321515922069	6894.62004179863	99.7689063206085	37782.7361910752	116.43377889468	547.484694174275	18.9241813188893	7012.50666486332	2391.96309439351	7632.55699722049	64.682613849441	132.802246464484	303.47204877118
Staphylococcus	851.620986637083	1991.3098661525	445.675139734878	193.500876322314	2.67091822059319	4.25577390302699	27314.0778582016	16.9472018778511	803764.098059536	287.379191087117	760.921566158882	686.909444527712	115.297449813519	892.330969109048	223.16094533263	220.397683680675	921.378556341194	769.917420015726	95.4801976778674	2033.9101686566	24290.9971219025	864.940738575455	342.737950553217	183.506752878592	937.464232129567	48862.5931299737	4703.96268563642	10291.7161622166	4.00136636131327
Butyricicoccus	103.247128917534	207.769727950638	178.748541473421	32.0181306144836	6.16365743213813	2.36431883501499	696.441838686374	23.5237279797038	90.8679839639644	362.597915826079	18.129170338663	12646.7307619979	1141.04717574069	2.08976807753875	297.921543291878	188.178802723278	13931.1978346827	3934.67892970842	32.2781755743145	1716.7449897391	32.7470003141286	2138.25693266859	10.8957407593605	103.137591664172	18711.7725147057	34.8911712649001	1.78681253727738	2.74763268547208	12.4252955430254
Enterococcus	8222.98264978319	995.654933076251	910.034002096678	2022.71059925412	194.566119607827	526.060940790836	26185.0714266754	153.789533458709	5631.65148233808	802.796151897368	296.109782198162	534.595555166351	562.174462194193	382.427558189592	1979.75478523869	659.139257833584	487.609826209454	1160.19436937545	607.868019731671	602.485172527886	1169.18919640074	283.932686112416	14.7188076924694	3233.45695118482	727.644890311487	818664.239086993	915684.962078477	13066.8251745434	211.861818920061
Subdoligranulum	178.567856255292	809.682029328327	1130.82091948067	22.2734821665973	12.7382253597521	17.7323912626125	22292.8463720661	200.584046106507	108.176171385672	189.932241623184	327.164379537538	644.059468282317	28645.1118368224	6.26930423261626	316.191374577272	26.6993117097148	2167.76277545513	32799.2639193097	174.708446814821	15322.1018259772	2190.41046545616	4362.5444533699	6.11690709297431	53.0130619427044	40788.9026471021	11.3283023587338	1.78681253727738	10.0746531800643	124.252955430254
Escherichia	247.98107556656	269.560725002367	37.5952955297827	758300.700361805	752.993482959542	94.5727534005998	397.885214397051	573.422487419232	789.686051115404	153674.037770914	279.659238742708	61847.4851461212	637.82776423932	16.71814462031	3903.46714322158	96.9133670232437	186.991410217203	158.638079811954	58.0104274307611	374.550846178041	1461.48649550093	52759.8612640897	22.3649415586873	205.765442348125	358.737969990524	506.148549388226	498.520697900388	181.343757241157	249.34830377868
Anaerostipes	1.61113855267933	383.344146757817	223.748970971191	5.56837054164932	16.436419819035	15.3680724275975	56.2291156644326	22.0060681100455	6.49057028314031	26023.6940967591	377.691048722145	14.2209528150657	17831.4605733271	2.08976807753875	125.086697634965	17.7139664227916	34.1826783128268	10832.0262737388	39.7269853222333	5939.41656146497	1.21285186348625	604.690273375368	0.764613386621789	51.4838390020495	39.6589062887162	39.875624302743	14.6518628056745	3.6635102472961	19.7962335770236
Hungatella	3066.13092729482	161.376487445779	1452.20373369133	4219.43277793478	3940.01528587043	145.878472120425	30081.5778860307	394.591566111161	283.42156903046	870.473157533215	122.707625162617	10842.3538146864	4855.10177584199	2.08976807753875	1191.01366404044	3339.9812052249	48958.3774549969	1529.56200162529	66.1364017012179	2105.83525385534	280.168780465323	66.0943484443257	26.1880084917963	1408.92406932341	13787.8537763696	227.019179269025	85.4096392818586	176.764369432037	909.784351624913
Streptococcus	20.004970362435	339.3505566239	1570.45802690319	645.930982831321	47.4601622274636	412.100772943114	350.218908224664	214.242984933432	6129.26187071217	289.562320301177	537.999916068656	210.133289622615	114.502294987219	2083.49877330614	2243.60253275904	617.549945362683	83.9704923771614	2975.03218443909	66.5878447162432	4917.08961254446	86996.6513160049	216.314548654964	42.0537362641984	1393.46192625679	334.558465871477	12002.1097830313	1265.77800140729	137971.459423418	1236.00100918672
Prevotella	527.782137548537	96101.1980554433	30.9876375275784	26.4497600728343	450.974268784773	4775.21475107978	118.880338447899	729.488510682428	6934.09258582157	301.867230416785	205.296067816526	55807.8839091229	544.68105601559	273.759618157577	185.164179653192	76035.5321628509	431.539425024382	401.00433813784	1386.60722065045	1354.73921656083	132307.584083988	1356.74364256176	341.973337166595	306.694156431351	2261.57455348987	46.2194736236339	56.4632761779651	15.5699185510084	341.800926547971
Lactobacillus	51.6906952317952	280.659107967969	892.603455987415	1109.49783042363	36.160123601877	16623.0528652234	94.7617583786377	4.55297960897493	43893.5633014502	65.0969438374132	24.3400898065383	28.4419056301314	647.142435061693	635220.533225223	92.2458352630609	57.3778477607814	30.2645056998941	1461.56126598097	4224.829456115	128.603081674666	34999.2662246226	13.2061714470891	3.44076023979805	92.4330310795872	64.6293287667967	1399.72503944515	1291.50810194409	391.995596460683	66.7596387650688
Bifidobacterium	147.016392931989	371.745836631603	152.090059188666	439.901272790297	12.5327701120142	237.614042919007	35.8210863750573	46.2886260245785	67.0692262591165	46.8380449561876	17.4577195853792	171.212787181383	89809.1026371083	1172.35989149924	12.5535037053011	1943.14509933492	43.0998987422598	339.640037924047	544.891719135631	12347.3111823371	43672.3699004127	108.633458394084	2.48499350652081	1.35930928058216	91.4075646369555	46.2194736236339	93.2716144458791	73.270204945922	50.7541733198157
Flavonifractor	65376.9144521679	2659.41252359531	38212.8837027128	586.070999508591	1745.13687428604	1947.25299251835	91028.2307266143	9303.25500100545	817.811855675679	10588.5736207734	751.856980989551	88974.3268764594	16868.1872980378	0	102971.683330696	83045.2567453308	13477.9057961865	10240.5653297522	335.196438656343	24423.1984519251	16683.9902341168	22884.1999079124	332.415669833823	17784.1831451766	50661.1456045673	3441.99138867768	10.3635127162088	35.719224911137	640.218617810124
Porphyromonas	18340.5299759712	1429.09178132746	1.36710165562846	8.35255581247398	871.130250408856	0.709295650504498	3.9959777629546	239.031429471184	331.019084440156	97.0500168795581	493.348440975282	4333.27401699067	5960.93495213225	0	4.5954790349763	18.8692251025388	102.412925538034	99.182891160368	18719.0846180273	157.102914181858	242.570372697249	2133.62207442033	22121.9856550883	48.7652204408852	437.603829219936	60.7197006428132	55.7485511630542	0.915877561824025	225.129507381257
Sutterella	0	0.399941728490159	0.797475965783268	0	18865.5172130407	0	47.8090196639211	49.3239457638951	6.49057028314031	72.0432640639665	43.308573586806	11745.7585540435	40740.439086767	10.4488403876938	157.36713573431	0.128362075527475	3.24262561070293	1.8182014878161	0.677164522538067	6743.20190535855	7.27711118091747	7.61894506562832	24.2764750252418	0.339827320145541	11.0728570264792	0.906264188698704	1.07208752236643	0	1.68478583634243
Akkermansia	3.89358483564171	29.0957607476591	49.3295847405936	0	99.8512504006377	10.6394347575675	517.479120302621	33761.3555737956	344.000225006436	1268.59653966081	217836.753535608	449.456956076155	12.4952901275735	4.17953615507751	112377.395981892	37.7384502050777	79692.1181026398	64.3643326686898	94.351590140304	8.74938424600026	6.06425931743123	1.46029780424543	926.711424585608	1.01948196043662	132057.15266453	4.98445303784287	1.07208752236643	0	3114.53721670853
